,train_loss,val_loss,train_f1,val_f1
0,0.08614188682456612,0.08388320004888808,tensor(0.0013),tensor(0.0004)
1,0.08250030472199915,0.08626006057907863,tensor(0.0018),tensor(0.0003)
2,0.08182315379952981,0.084856613491707,tensor(0.0023),tensor(0.0009)
3,0.08120296570491718,0.08264398223567843,tensor(0.0033),tensor(0.0023)
4,0.08084880853742246,0.08518345301834772,tensor(0.0034),tensor(0.0016)
5,0.08057445963803202,0.08191225205263966,tensor(0.0053),tensor(0.0054)
6,0.08020407705241135,0.081119816606216,tensor(0.0056),tensor(0.0056)
7,0.07969032164637345,0.08110241453804218,tensor(0.0087),tensor(0.0063)
8,0.07943607397657675,0.08085540674302094,tensor(0.0097),tensor(0.0052)
9,0.07899306268757889,0.07962143443126925,tensor(0.0113),tensor(0.0135)
10,0.07851251952024213,0.07978288054539427,tensor(0.0116),tensor(0.0094)
11,0.07823764840548347,0.07942693229099225,tensor(0.0124),tensor(0.0114)
12,0.07795445514658461,0.07909152755128451,tensor(0.0147),tensor(0.0117)
13,0.07744436359185945,0.0788025961396444,tensor(0.0169),tensor(0.0180)
14,0.07721948367489911,0.07755788108774166,tensor(0.0174),tensor(0.0191)
15,0.07682977853513002,0.07729344166005733,tensor(0.0209),tensor(0.0208)
16,0.07618753033606529,0.07853928250429307,tensor(0.0215),tensor(0.0188)
17,0.07571746785185104,0.08068311690113308,tensor(0.0245),tensor(0.0220)
18,0.0751868933782336,0.07588872944672025,tensor(0.0260),tensor(0.0353)
19,0.07485291099694721,0.07991897642722226,tensor(0.0308),tensor(0.0262)
20,0.07420055516756048,0.0753076941488417,tensor(0.0331),tensor(0.0375)
21,0.07347770941230031,0.07996805728469765,tensor(0.0385),tensor(0.0320)
22,0.07255373557347658,0.0776102318948145,tensor(0.0396),tensor(0.0409)
23,0.07175875961643316,0.07516596052381727,tensor(0.0451),tensor(0.0354)
24,0.07110531668615451,0.07321619621590648,tensor(0.0467),tensor(0.0489)
25,0.07040658930312278,0.07111533980489582,tensor(0.0531),tensor(0.0509)
26,0.06975728706131508,0.06886446117403465,tensor(0.0524),tensor(0.0805)
27,0.06880234661965945,0.07320559105308162,tensor(0.0628),tensor(0.0535)
28,0.06797982696743993,0.07042423781622693,tensor(0.0620),tensor(0.0657)
29,0.06677991760207064,0.07021465383474632,tensor(0.0688),tensor(0.0601)
30,0.06588468127129907,0.06546593956452634,tensor(0.0819),tensor(0.0881)
31,0.06488031550544276,0.07023662639732665,tensor(0.0825),tensor(0.0791)
32,0.06420941360163304,0.06569200413881306,tensor(0.0882),tensor(0.0859)
33,0.06266465165115556,0.06617359737445416,tensor(0.1017),tensor(0.0936)
34,0.06205188256451833,0.06595311653694541,tensor(0.1033),tensor(0.1004)
35,0.060395191123827734,0.061777641906410434,tensor(0.1182),tensor(0.1226)
36,0.059840088886017995,0.05918333426511237,tensor(0.1266),tensor(0.1384)
37,0.05837840411814926,0.06427911880778857,tensor(0.1339),tensor(0.1419)
38,0.057291496742348076,0.05831254867778518,tensor(0.1498),tensor(0.1547)
39,0.05599293156211777,0.05868164508016362,tensor(0.1604),tensor(0.1718)
40,0.054996002772544225,0.0580052909417852,tensor(0.1756),tensor(0.1679)
41,0.053786169997747366,0.05371141243449305,tensor(0.1873),tensor(0.2027)
42,0.05187564730552738,0.05405321217812666,tensor(0.2016),tensor(0.2110)
43,0.05077948233574423,0.04748728569480376,tensor(0.2188),tensor(0.2578)
44,0.04949092583206188,0.04910323969640199,tensor(0.2282),tensor(0.2433)
45,0.04799018495373788,0.047575195849929725,tensor(0.2424),tensor(0.2861)
46,0.04613851205440823,0.04511356734292796,tensor(0.2719),tensor(0.3012)
47,0.04495808168822586,0.04571263844283392,tensor(0.2861),tensor(0.2937)
48,0.04386665145891589,0.05316953003369935,tensor(0.2986),tensor(0.2364)
49,0.04204891652028925,0.04250866771110221,tensor(0.3177),tensor(0.3534)
50,0.04097855305177655,0.046883364994149766,tensor(0.3330),tensor(0.3115)
51,0.039148211186424364,0.043074118425101136,tensor(0.3524),tensor(0.3582)
52,0.03777573946706167,0.041099252987669026,tensor(0.3724),tensor(0.3571)
53,0.03706034009308423,0.042079270434862565,tensor(0.3809),tensor(0.3893)
54,0.034851452614468786,0.038422859688343775,tensor(0.4120),tensor(0.4071)
55,0.03405347102802713,0.04165858546234187,tensor(0.4288),tensor(0.3862)
56,0.03279421322179225,0.035098393684958595,tensor(0.4434),tensor(0.4607)
57,0.030878511448594485,0.03331057259903282,tensor(0.4710),tensor(0.4841)
58,0.029646188135066583,0.03313901074610289,tensor(0.4913),tensor(0.4859)
59,0.02839726481360833,0.03516624440731191,tensor(0.5048),tensor(0.4750)
60,0.027560497574502473,0.03213488506787829,tensor(0.5197),tensor(0.5135)
61,0.025562156225659712,0.03208976929139476,tensor(0.5504),tensor(0.4943)
62,0.024577055101841116,0.030504369018559373,tensor(0.5695),tensor(0.5374)
63,0.023756976815616726,0.02565676123910041,tensor(0.5760),tensor(0.6009)
64,0.022102663302915607,0.027151171893265585,tensor(0.6021),tensor(0.6040)
65,0.021555252031280916,0.026767675389242435,tensor(0.6134),tensor(0.5742)
66,0.020544638308029585,0.025497476406226207,tensor(0.6352),tensor(0.6122)
67,0.019306874147123863,0.02826941869535499,tensor(0.6574),tensor(0.5762)
68,0.018437259497316817,0.026025029945549165,tensor(0.6696),tensor(0.5998)
69,0.01728358988750923,0.02227152714779071,tensor(0.6898),tensor(0.6617)
70,0.016874829193124018,0.023199746109650428,tensor(0.6996),tensor(0.6369)
71,0.01568768109528724,0.025809748982124493,tensor(0.7162),tensor(0.6334)
72,0.014876467396640265,0.022275523512988386,tensor(0.7296),tensor(0.6707)
73,0.014670451393698328,0.023885702559961138,tensor(0.7290),tensor(0.6682)
74,0.013749790612496694,0.023079385195428275,tensor(0.7493),tensor(0.6746)
75,0.01293271442422113,0.02212504721478204,tensor(0.7587),tensor(0.6923)
76,0.012455428643859724,0.020714359388825643,tensor(0.7727),tensor(0.7238)
77,0.011473337659813858,0.02187996356307253,tensor(0.7962),tensor(0.6976)
78,0.011371154032207322,0.018843086531295447,tensor(0.7906),tensor(0.7544)
79,0.01043865425442149,0.02113641984189047,tensor(0.8121),tensor(0.7147)
80,0.010347889943572986,0.019139323225776574,tensor(0.8069),tensor(0.7341)
81,0.00946061567718582,0.019329609389390004,tensor(0.8327),tensor(0.7405)
82,0.009315842010383869,0.019477131745067384,tensor(0.8360),tensor(0.7396)
83,0.008559457677561598,0.022774044101848568,tensor(0.8483),tensor(0.7231)
84,0.008475463843675,0.017387190741070067,tensor(0.8521),tensor(0.7881)
85,0.007767853088225206,0.021755526701023858,tensor(0.8622),tensor(0.7360)
86,0.007787469205541604,0.01722879019011889,tensor(0.8600),tensor(0.7942)
87,0.007430988342050214,0.016912793833247865,tensor(0.8626),tensor(0.8027)
88,0.007420952765647027,0.019373559033380394,tensor(0.8663),tensor(0.7458)
89,0.006726880457340894,0.016983928766039852,tensor(0.8818),tensor(0.7907)
90,0.006992539372338027,0.016611573208029685,tensor(0.8706),tensor(0.8043)
91,0.0066296043481995125,0.016882439911767997,tensor(0.8808),tensor(0.8112)
92,0.005587502239030412,0.016357687260198622,tensor(0.9023),tensor(0.8086)
93,0.00586765125817001,0.021957843782273886,tensor(0.8917),tensor(0.7392)
94,0.005870461941954729,0.017189452899168282,tensor(0.8919),tensor(0.7877)
95,0.005419764002743631,0.01682454129901673,tensor(0.9041),tensor(0.8082)
96,0.004987434456189229,0.01621013722440229,tensor(0.9134),tensor(0.8122)
97,0.004847418591780381,0.01639523928409855,tensor(0.9108),tensor(0.8185)
98,0.0050303092322162915,0.015725746375787032,tensor(0.9102),tensor(0.8267)
99,0.004820104388209919,0.018842167598912874,tensor(0.9146),tensor(0.7955)
100,0.005006537911805938,0.015356412140264916,tensor(0.9114),tensor(0.8232)
101,0.004220580899157345,0.01540953080078954,tensor(0.9233),tensor(0.8312)
102,0.004326970613377879,0.016524928965548052,tensor(0.9227),tensor(0.8238)
103,0.004148856095872471,0.017357422794719062,tensor(0.9263),tensor(0.8042)
104,0.00426031936957849,0.01830460933397854,tensor(0.9236),tensor(0.8089)
105,0.00424415779086323,0.015373103087339173,tensor(0.9246),tensor(0.8475)
106,0.0038008508093066154,0.016213557740674567,tensor(0.9307),tensor(0.8325)
107,0.003851892799710825,0.016604531444311874,tensor(0.9318),tensor(0.8348)
108,0.0035255910944499516,0.016197330714589325,tensor(0.9410),tensor(0.8336)
109,0.0032651630519722756,0.016621876249582654,tensor(0.9392),tensor(0.8380)
110,0.0036765121501039196,0.016615988854764795,tensor(0.9316),tensor(0.8179)
111,0.0034967928301437214,0.016199127489105188,tensor(0.9374),tensor(0.8329)
112,0.0033366453597294945,0.015401099359718402,tensor(0.9400),tensor(0.8474)
113,0.0032680878948909177,0.01643850160859859,tensor(0.9406),tensor(0.8275)
114,0.0030202660049188164,0.016454005493863073,tensor(0.9467),tensor(0.8235)
115,0.0029005289295043566,0.016828741999474532,tensor(0.9470),tensor(0.8215)
116,0.0031148851238025307,0.016274730702936467,tensor(0.9437),tensor(0.8457)
117,0.002801008515648904,0.016728003197758384,tensor(0.9501),tensor(0.8262)
118,0.0027912402040941938,0.01763337901796279,tensor(0.9489),tensor(0.8181)
119,0.0028748851266624555,0.015604926004521022,tensor(0.9478),tensor(0.8491)
