,train_loss,val_loss,train_f1,val_f1
0,0.08722422036956295,0.15662224209330577,tensor(0.0019),tensor(0.0003)
1,0.0829607643718822,0.08562805727261426,tensor(0.0006),tensor(0.0007)
2,0.08246597244660853,0.0834412068366419,tensor(0.0012),tensor(0.0004)
3,0.08205251386324809,0.08513999263372357,tensor(0.0009),tensor(0.0008)
4,0.081708840379693,0.0829971280106743,tensor(0.0016),tensor(0.0015)
5,0.08145097709122934,0.08408642371349206,tensor(0.0016),tensor(0.0011)
6,0.08123429899296208,0.0841510382219646,tensor(0.0013),tensor(0.0009)
7,0.08116017324779917,0.08201389798655548,tensor(0.0013),tensor(0.0015)
8,0.08083728100827174,0.08180520723318307,tensor(0.0018),tensor(0.0040)
9,0.08061519470566159,0.08153517806800763,tensor(0.0036),tensor(0.0022)
10,0.08054031465754359,0.08117705521369874,tensor(0.0026),tensor(0.0029)
11,0.08046850027346374,0.08131414399401699,tensor(0.0042),tensor(0.0026)
12,0.08025537960728772,0.08083587573890381,tensor(0.0049),tensor(0.0034)
13,0.08006410942750991,0.08044520969988013,tensor(0.0042),tensor(0.0042)
14,0.08005062953746968,0.08116501427048038,tensor(0.0039),tensor(0.0057)
15,0.07969444959966933,0.08091702411480664,tensor(0.0056),tensor(0.0055)
16,0.07940781125634429,0.08064664925000944,tensor(0.0068),tensor(0.0046)
17,0.07920717318425798,0.07960295955266888,tensor(0.0076),tensor(0.0072)
18,0.07918154247339561,0.0828297906598114,tensor(0.0080),tensor(0.0064)
19,0.07876688949163382,0.07980858145351422,tensor(0.0091),tensor(0.0066)
20,0.07858325690374132,0.08085162512285714,tensor(0.0088),tensor(0.0107)
21,0.07839726574678926,0.07951092676124082,tensor(0.0090),tensor(0.0106)
22,0.07818199671513286,0.08232038865578255,tensor(0.0101),tensor(0.0056)
23,0.0779239481811055,0.07876761286005497,tensor(0.0113),tensor(0.0109)
24,0.07766815399263606,0.07913291637263757,tensor(0.0118),tensor(0.0136)
25,0.07735644762825253,0.07835590334447927,tensor(0.0156),tensor(0.0156)
26,0.07695303929373565,0.07865086181387716,tensor(0.0158),tensor(0.0140)
27,0.07681075481845157,0.07725151306723729,tensor(0.0166),tensor(0.0136)
28,0.07623450410247123,0.07972303850655178,tensor(0.0185),tensor(0.0243)
29,0.07602582567029062,0.075931535314533,tensor(0.0228),tensor(0.0289)
30,0.0757318541350405,0.07670013592827167,tensor(0.0239),tensor(0.0211)
31,0.07534810137218086,0.07589945081847807,tensor(0.0237),tensor(0.0353)
32,0.07474532065168309,0.07712661744334934,tensor(0.0254),tensor(0.0264)
33,0.07442277511631812,0.07374947696027762,tensor(0.0261),tensor(0.0355)
34,0.07369346845543394,0.07433092089208669,tensor(0.0327),tensor(0.0350)
35,0.07330886770557278,0.07526532560129558,tensor(0.0376),tensor(0.0332)
36,0.07285843861624541,0.0721264883665456,tensor(0.0359),tensor(0.0465)
37,0.07224649896277709,0.07143723137763616,tensor(0.0422),tensor(0.0543)
38,0.07175212788380574,0.07282371649791888,tensor(0.0417),tensor(0.0488)
39,0.07093076749847015,0.07322083813343551,tensor(0.0481),tensor(0.0653)
40,0.07024518603649124,0.06901976636321067,tensor(0.0531),tensor(0.0597)
41,0.0694409433366332,0.06839834421671849,tensor(0.0551),tensor(0.0636)
42,0.06873053852997646,0.06885194397909353,tensor(0.0642),tensor(0.0674)
43,0.06799195685573294,0.06568357913753166,tensor(0.0652),tensor(0.0881)
44,0.0669213177877852,0.06820213845933852,tensor(0.0753),tensor(0.0885)
45,0.06602375216421857,0.06578152321686109,tensor(0.0840),tensor(0.0903)
46,0.06521133077391641,0.06304024083984637,tensor(0.0841),tensor(0.1073)
47,0.06415394862065933,0.06650935278998481,tensor(0.0932),tensor(0.0920)
48,0.0630102660046663,0.06601432805561888,tensor(0.1023),tensor(0.1117)
49,0.0618684191934347,0.05935063751436143,tensor(0.1188),tensor(0.1397)
50,0.06037685236195281,0.05930645177523881,tensor(0.1237),tensor(0.1461)
51,0.05916350376395564,0.05611857144359872,tensor(0.1384),tensor(0.1810)
52,0.057498782063481996,0.0554817258543292,tensor(0.1540),tensor(0.1741)
53,0.05743078212050045,0.05449537399577685,tensor(0.1558),tensor(0.1957)
54,0.055359024939313814,0.05845717567106637,tensor(0.1737),tensor(0.1713)
55,0.054106401244402844,0.050637529699841914,tensor(0.1931),tensor(0.2364)
56,0.052846862349433345,0.04889532523041053,tensor(0.2014),tensor(0.2701)
57,0.05097108143435381,0.0485503849184096,tensor(0.2201),tensor(0.2692)
58,0.04900670874969646,0.04616323287242611,tensor(0.2383),tensor(0.2834)
59,0.04828133422049393,0.04688144491229634,tensor(0.2495),tensor(0.2875)
60,0.04707440426051388,0.04273905894593859,tensor(0.2606),tensor(0.3371)
61,0.04547624675841489,0.04487637188479972,tensor(0.2856),tensor(0.3281)
62,0.043994929400756555,0.043090295615995346,tensor(0.3022),tensor(0.3551)
63,0.0422191491057483,0.041974361137497855,tensor(0.3171),tensor(0.3611)
64,0.040703015353070346,0.038883424010139216,tensor(0.3398),tensor(0.3921)
65,0.03934881800609832,0.039751596286883746,tensor(0.3553),tensor(0.3957)
66,0.037601963849773976,0.033249164447234116,tensor(0.3738),tensor(0.4528)
67,0.03646223735370182,0.03566141169520519,tensor(0.3926),tensor(0.4294)
68,0.03421221906555129,0.035292559053504154,tensor(0.4230),tensor(0.4589)
69,0.03349614547749986,0.031715650365277986,tensor(0.4297),tensor(0.4941)
70,0.03200328915464997,0.03433096899146167,tensor(0.4521),tensor(0.4772)
71,0.030780169822944646,0.035620194260074435,tensor(0.4741),tensor(0.4823)
72,0.029509472133375916,0.028739216943838027,tensor(0.4905),tensor(0.5485)
73,0.027615767520661548,0.028898313998297873,tensor(0.5247),tensor(0.5581)
74,0.026997672294710385,0.028424706028750368,tensor(0.5363),tensor(0.5587)
75,0.025699332852777115,0.028448895635306285,tensor(0.5471),tensor(0.5675)
76,0.023773534043605566,0.026144182338094037,tensor(0.5843),tensor(0.6182)
77,0.022848893794662112,0.030613878447999246,tensor(0.5985),tensor(0.5615)
78,0.022230088536957092,0.025317219666281386,tensor(0.6045),tensor(0.6247)
79,0.02075173181473797,0.0221258072929195,tensor(0.6286),tensor(0.6763)
80,0.019695414979002242,0.022073615102258616,tensor(0.6469),tensor(0.6886)
81,0.018974478585118068,0.02020995769857848,tensor(0.6592),tensor(0.6938)
82,0.018139746769153423,0.0230950063690223,tensor(0.6752),tensor(0.6736)
83,0.01697054560698643,0.02598276575186854,tensor(0.6974),tensor(0.6612)
84,0.016155925852833396,0.023598481900418296,tensor(0.7054),tensor(0.6627)
85,0.01573587848146604,0.020045097910457773,tensor(0.7113),tensor(0.7365)
86,0.014437188630093087,0.01804760016130479,tensor(0.7431),tensor(0.7481)
87,0.013997841942612244,0.017769516941372642,tensor(0.7397),tensor(0.7621)
88,0.012827094810702485,0.020119584177519516,tensor(0.7627),tensor(0.7253)
89,0.01241698485105109,0.020186222426506403,tensor(0.7731),tensor(0.7433)
90,0.011504700109762863,0.019441450132483568,tensor(0.7839),tensor(0.7647)
91,0.011548267285456038,0.017976044510829077,tensor(0.7889),tensor(0.7674)
92,0.010593658100158915,0.019201519154126545,tensor(0.8058),tensor(0.7768)
93,0.010246458514690034,0.020163147671958873,tensor(0.8119),tensor(0.7621)
94,0.00948568322250501,0.018878653288765725,tensor(0.8281),tensor(0.7703)
95,0.009254586262055204,0.018324806069654507,tensor(0.8284),tensor(0.7722)
96,0.008648900004962913,0.018306204133270852,tensor(0.8433),tensor(0.7926)
97,0.008704803905757867,0.02058846618296399,tensor(0.8406),tensor(0.7687)
98,0.008481938792757136,0.01741495315028964,tensor(0.8419),tensor(0.8100)
99,0.008028164983985064,0.01745625684567212,tensor(0.8550),tensor(0.7949)
100,0.007248227253659176,0.018908670337892442,tensor(0.8654),tensor(0.7924)
101,0.007912972477977311,0.018249347302868296,tensor(0.8501),tensor(0.7924)
102,0.007125400954818872,0.017611099431088836,tensor(0.8702),tensor(0.8078)
103,0.006549608508440869,0.019107582855985676,tensor(0.8779),tensor(0.7904)
104,0.006887719220412482,0.017483269440169126,tensor(0.8658),tensor(0.8164)
105,0.006503620611093453,0.016441262961165753,tensor(0.8810),tensor(0.8260)
106,0.006315711442544107,0.017733036300900378,tensor(0.8859),tensor(0.8060)
107,0.0056351378777351,0.018883992350123426,tensor(0.8975),tensor(0.8153)
108,0.005782451958081764,0.018600269255643977,tensor(0.8916),tensor(0.8141)
109,0.005515734811334178,0.019838699063616638,tensor(0.8998),tensor(0.8149)
110,0.005046020777565831,0.01968809825061215,tensor(0.9062),tensor(0.7986)
111,0.005362441378744949,0.019635416379803306,tensor(0.9014),tensor(0.7976)
112,0.004975365122875981,0.017247955736168476,tensor(0.9098),tensor(0.8289)
113,0.0050449858924927204,0.018208965229212396,tensor(0.9067),tensor(0.8177)
114,0.004905085536670612,0.01792338792351289,tensor(0.9076),tensor(0.8129)
115,0.004534944412759516,0.02038684196454605,tensor(0.9190),tensor(0.7992)
116,0.004756845938683654,0.01813673371182694,tensor(0.9150),tensor(0.8322)
117,0.004458625019968974,0.018708420758455205,tensor(0.9166),tensor(0.8231)
118,0.004579125414513115,0.021507705882548408,tensor(0.9140),tensor(0.7918)
119,0.004335482792495675,0.02230987163172535,tensor(0.9225),tensor(0.7735)
